---
password: 3826de8c121dddf0dc6467c8c0c40e9701acf2efffab544f4abb3607fe79f7a9
ip: 14.184.118.119
firstlogin: 1583250766270.000000
lastlogin: 1583766980190.000000
...
