---
password: 2e541298aa916314d273e9b6500de6e1b3dcb77182e23701f336258e233786b9
ip: 27.2.84.58
firstlogin: 1583371817387.000000
lastlogin: 1583493190938.000000
...
