---
password: 9e8fefdd52d7199164c64f254802b35a01573053ed55e82d3200e2218e35bb84
ip: 14.173.178.76
firstlogin: 1583461712061.000000
lastlogin: 1583461712061.000000
...
