---
password: 38a0c3ede2eb61b59aff2d8a5c06bde7cd8b6acc20fc1ebb4841945281b6952c
ip: 42.118.140.129
firstlogin: 1583304843710.000000
lastlogin: 1583481382546.000000
...
