---
password: 66ab71199c3fa67f7125da375033fd88cedba62487c12891d0dc37fa14a385ed
ip: 1.54.21.82
firstlogin: 1583319235186.000000
lastlogin: 1583494927716.000000
...
