---
password: 454db03909ce52bf0c784eab663fea7de1987b58c7038008682a6fede45e7df2
ip: 1.52.199.164
firstlogin: 1583304315207.000000
lastlogin: 1583408223176.000000
...
