---
password: 3d017171fb38b997b3aa79a05636059f6c263bd271c51e96db6b33582e87a3bc
ip: 14.173.244.43
firstlogin: 1583304248822.000000
lastlogin: 1583475360881.000000
...
