---
password: 79fc5e4866d4b00b71fdd07f42367a38d3590b3e80a77967a8552519c0a6838c
ip: 27.3.72.38
firstlogin: 1583305002367.000000
lastlogin: 1583477483695.000000
...
