---
password: 7784d4e61995de93fa01dd3cb70921793533e433edb0a7f4c53d982e822e41b2
ip: 14.187.31.123
firstlogin: 1583289107971.000000
lastlogin: 1583381390871.000000
...
