---
version: 2
money:
  _tinh_: 4097506.450000
  ytb_jero: 4000.000000
  quikuda: 1000.000000
  lololololo: 10908.400000
  puckvn: 1000.000000
  khoastr02: 4000.000000
  firebee12: 1000.000000
  mrdora: 1000.000000
  ghast_noob: 24000.000000
  tinh_gamertm: 1000.000000
  curliestdrake66: 1000.000000
  wa__: 21865150.350000
  ytb_jer: 1000.000000
  jack_303: 24000.000000
  ytb_jero66: 1000.000000
  cuto_vn: 1000.000000
  v___: 1123050.000000
...
