---
sb:
  X: 96.316300
  "Y": 71.436900
  Z: 82.548800
  Yaw: 92
  Pitch: 90
world:
  X: -10.231500
  "Y": 68.062500
  Z: 165.276900
  Yaw: 181
  Pitch: 5
...
